{
 "cells": [
  {
   "cell_type": "code",
   "execution_count": 9,
   "metadata": {},
   "outputs": [
    {
     "name": "stdout",
     "output_type": "stream",
     "text": [
      "(28372, 31)\n"
     ]
    }
   ],
   "source": [
    "import pandas as pd\n",
    "\n",
    "df = pd.read_csv('/Users/imseonho/Downloads/tcc_ceds_music 3.csv')\n",
    "df.head()\n",
    "print(df.shape)"
   ]
  },
  {
   "cell_type": "code",
   "execution_count": 16,
   "metadata": {},
   "outputs": [
    {
     "name": "stderr",
     "output_type": "stream",
     "text": [
      "[nltk_data] Downloading package names to /Users/imseonho/nltk_data...\n",
      "[nltk_data]   Package names is already up-to-date!\n",
      "[nltk_data] Downloading package stopwords to\n",
      "[nltk_data]     /Users/imseonho/nltk_data...\n",
      "[nltk_data]   Package stopwords is already up-to-date!\n",
      "[nltk_data] Downloading package state_union to\n",
      "[nltk_data]     /Users/imseonho/nltk_data...\n",
      "[nltk_data]   Package state_union is already up-to-date!\n",
      "[nltk_data] Downloading package twitter_samples to\n",
      "[nltk_data]     /Users/imseonho/nltk_data...\n",
      "[nltk_data]   Package twitter_samples is already up-to-date!\n",
      "[nltk_data] Downloading package movie_reviews to\n",
      "[nltk_data]     /Users/imseonho/nltk_data...\n",
      "[nltk_data]   Package movie_reviews is already up-to-date!\n",
      "[nltk_data] Downloading package averaged_perceptron_tagger to\n",
      "[nltk_data]     /Users/imseonho/nltk_data...\n",
      "[nltk_data]   Package averaged_perceptron_tagger is already up-to-\n",
      "[nltk_data]       date!\n",
      "[nltk_data] Downloading package vader_lexicon to\n",
      "[nltk_data]     /Users/imseonho/nltk_data...\n",
      "[nltk_data]   Package vader_lexicon is already up-to-date!\n",
      "[nltk_data] Downloading package punkt to /Users/imseonho/nltk_data...\n",
      "[nltk_data]   Package punkt is already up-to-date!\n"
     ]
    }
   ],
   "source": [
    "import nltk\n",
    "from nltk.sentiment import SentimentIntensityAnalyzer\n",
    "\n",
    "nltk.download([\n",
    "     \"names\",\n",
    "     \"stopwords\",\n",
    "     \"state_union\",\n",
    "    \"twitter_samples\",\n",
    "     \"movie_reviews\",\n",
    "     \"averaged_perceptron_tagger\",\n",
    "     \"vader_lexicon\",\n",
    "     \"punkt\",\n",
    " ])\n",
    " \n",
    "sia = SentimentIntensityAnalyzer()"
   ]
  },
  {
   "cell_type": "code",
   "execution_count": 14,
   "metadata": {},
   "outputs": [
    {
     "name": "stdout",
     "output_type": "stream",
     "text": [
      "       release_date                                             lyrics\n",
      "0              1950  hold time feel break feel untrue convince spea...\n",
      "1              1950  believe drop rain fall grow believe darkest ni...\n",
      "2              1950  sweetheart send letter goodbye secret feel bet...\n",
      "3              1950  kiss lips want stroll charm mambo chacha merin...\n",
      "4              1950  till darling till matter know till dream live ...\n",
      "...             ...                                                ...\n",
      "28367          2019  cause fuck leave scar tick tock clock come kno...\n",
      "28368          2019  minks things chain ring braclets yap fame come...\n",
      "28369          2019  get ban get ban stick crack relax plan attack ...\n",
      "28370          2019  check check yeah yeah hear thing call switch g...\n",
      "28371          2019  remix killer alive remix thriller trap bitch s...\n",
      "\n",
      "[28372 rows x 2 columns]\n"
     ]
    }
   ],
   "source": [
    "parsedData=df[['release_date', 'lyrics']]\n",
    "print(parsedData)\n",
    "result=[]\n",
    "result.extend(parsedData['lyrics'].values.tolist())"
   ]
  },
  {
   "cell_type": "code",
   "execution_count": null,
   "metadata": {},
   "outputs": [],
   "source": [
    "for row in parsedData:\n",
    "    result=[]\n",
    "    result.extend(parsedData['lyrics'].values.tolist())\n",
    "    sia.polarity_scores(i)\n",
    "    print(sia.polarity_scores(i))"
   ]
  },
  {
   "cell_type": "code",
   "execution_count": 15,
   "metadata": {},
   "outputs": [
    {
     "name": "stderr",
     "output_type": "stream",
     "text": [
      "[nltk_data] Downloading package names to /Users/imseonho/nltk_data...\n",
      "[nltk_data]   Package names is already up-to-date!\n",
      "[nltk_data] Downloading package stopwords to\n",
      "[nltk_data]     /Users/imseonho/nltk_data...\n",
      "[nltk_data]   Package stopwords is already up-to-date!\n",
      "[nltk_data] Downloading package state_union to\n",
      "[nltk_data]     /Users/imseonho/nltk_data...\n",
      "[nltk_data]   Package state_union is already up-to-date!\n",
      "[nltk_data] Downloading package twitter_samples to\n",
      "[nltk_data]     /Users/imseonho/nltk_data...\n",
      "[nltk_data]   Package twitter_samples is already up-to-date!\n",
      "[nltk_data] Downloading package movie_reviews to\n",
      "[nltk_data]     /Users/imseonho/nltk_data...\n",
      "[nltk_data]   Package movie_reviews is already up-to-date!\n",
      "[nltk_data] Downloading package averaged_perceptron_tagger to\n",
      "[nltk_data]     /Users/imseonho/nltk_data...\n",
      "[nltk_data]   Package averaged_perceptron_tagger is already up-to-\n",
      "[nltk_data]       date!\n",
      "[nltk_data] Downloading package vader_lexicon to\n",
      "[nltk_data]     /Users/imseonho/nltk_data...\n",
      "[nltk_data]   Package vader_lexicon is already up-to-date!\n",
      "[nltk_data] Downloading package punkt to /Users/imseonho/nltk_data...\n",
      "[nltk_data]   Package punkt is already up-to-date!\n"
     ]
    },
    {
     "name": "stdout",
     "output_type": "stream",
     "text": [
      "{'neg': 0.233, 'neu': 0.467, 'pos': 0.3, 'compound': 0.3182}\n",
      "{'neg': 0.259, 'neu': 0.591, 'pos': 0.15, 'compound': -0.7717}\n",
      "{'neg': 0.0, 'neu': 0.695, 'pos': 0.305, 'compound': 0.8481}\n",
      "{'neg': 0.04, 'neu': 0.458, 'pos': 0.502, 'compound': 0.9854}\n",
      "{'neg': 0.134, 'neu': 0.494, 'pos': 0.372, 'compound': 0.9371}\n",
      "{'neg': 0.298, 'neu': 0.601, 'pos': 0.1, 'compound': -0.9834}\n",
      "{'neg': 0.039, 'neu': 0.858, 'pos': 0.103, 'compound': 0.8555}\n",
      "{'neg': 0.0, 'neu': 0.554, 'pos': 0.446, 'compound': 0.8979}\n",
      "{'neg': 0.133, 'neu': 0.663, 'pos': 0.204, 'compound': 0.4019}\n",
      "{'neg': 0.249, 'neu': 0.751, 'pos': 0.0, 'compound': -0.9531}\n",
      "{'neg': 0.051, 'neu': 0.384, 'pos': 0.565, 'compound': 0.9981}\n",
      "{'neg': 0.116, 'neu': 0.791, 'pos': 0.093, 'compound': -0.25}\n",
      "{'neg': 0.314, 'neu': 0.478, 'pos': 0.208, 'compound': -0.9869}\n",
      "{'neg': 0.113, 'neu': 0.855, 'pos': 0.032, 'compound': -0.296}\n",
      "{'neg': 0.061, 'neu': 0.541, 'pos': 0.398, 'compound': 0.9698}\n",
      "{'neg': 0.063, 'neu': 0.409, 'pos': 0.528, 'compound': 0.9991}\n",
      "{'neg': 0.0, 'neu': 0.783, 'pos': 0.217, 'compound': 0.8689}\n",
      "{'neg': 0.454, 'neu': 0.403, 'pos': 0.143, 'compound': -0.9986}\n",
      "{'neg': 0.353, 'neu': 0.485, 'pos': 0.162, 'compound': -0.9153}\n",
      "{'neg': 0.512, 'neu': 0.397, 'pos': 0.091, 'compound': -0.9956}\n",
      "{'neg': 0.29, 'neu': 0.522, 'pos': 0.188, 'compound': -0.91}\n",
      "{'neg': 0.183, 'neu': 0.562, 'pos': 0.254, 'compound': 0.4353}\n",
      "{'neg': 0.194, 'neu': 0.535, 'pos': 0.271, 'compound': 0.6808}\n",
      "{'neg': 0.0, 'neu': 0.792, 'pos': 0.208, 'compound': 0.8126}\n",
      "{'neg': 0.027, 'neu': 0.727, 'pos': 0.246, 'compound': 0.9618}\n",
      "{'neg': 0.0, 'neu': 0.574, 'pos': 0.426, 'compound': 0.8555}\n",
      "{'neg': 0.062, 'neu': 0.889, 'pos': 0.049, 'compound': -0.128}\n",
      "{'neg': 0.561, 'neu': 0.359, 'pos': 0.08, 'compound': -0.999}\n",
      "{'neg': 0.267, 'neu': 0.499, 'pos': 0.234, 'compound': -0.4404}\n",
      "{'neg': 0.346, 'neu': 0.521, 'pos': 0.134, 'compound': -0.9423}\n",
      "{'neg': 0.198, 'neu': 0.554, 'pos': 0.247, 'compound': 0.5106}\n",
      "{'neg': 0.284, 'neu': 0.437, 'pos': 0.279, 'compound': 0.2263}\n",
      "{'neg': 0.287, 'neu': 0.36, 'pos': 0.352, 'compound': 0.6836}\n",
      "{'neg': 0.05, 'neu': 0.527, 'pos': 0.423, 'compound': 0.9884}\n",
      "{'neg': 0.294, 'neu': 0.58, 'pos': 0.126, 'compound': -0.9565}\n",
      "{'neg': 0.0, 'neu': 0.701, 'pos': 0.299, 'compound': 0.8885}\n",
      "{'neg': 0.0, 'neu': 0.816, 'pos': 0.184, 'compound': 0.6369}\n",
      "{'neg': 0.088, 'neu': 0.557, 'pos': 0.355, 'compound': 0.9771}\n",
      "{'neg': 0.101, 'neu': 0.372, 'pos': 0.527, 'compound': 0.9964}\n",
      "{'neg': 0.082, 'neu': 0.409, 'pos': 0.509, 'compound': 0.9957}\n",
      "{'neg': 0.092, 'neu': 0.676, 'pos': 0.232, 'compound': -0.0258}\n",
      "{'neg': 0.129, 'neu': 0.871, 'pos': 0.0, 'compound': -0.8807}\n",
      "{'neg': 0.351, 'neu': 0.482, 'pos': 0.167, 'compound': -0.9826}\n",
      "{'neg': 0.077, 'neu': 0.368, 'pos': 0.555, 'compound': 0.9274}\n",
      "{'neg': 0.268, 'neu': 0.549, 'pos': 0.183, 'compound': -0.743}\n",
      "{'neg': 0.021, 'neu': 0.617, 'pos': 0.362, 'compound': 0.9509}\n",
      "{'neg': 0.034, 'neu': 0.395, 'pos': 0.571, 'compound': 0.9935}\n",
      "{'neg': 0.045, 'neu': 0.412, 'pos': 0.543, 'compound': 0.9828}\n",
      "{'neg': 0.0, 'neu': 1.0, 'pos': 0.0, 'compound': 0.0}\n",
      "{'neg': 0.0, 'neu': 0.935, 'pos': 0.065, 'compound': 0.5106}\n",
      "{'neg': 0.035, 'neu': 0.296, 'pos': 0.669, 'compound': 0.9994}\n",
      "{'neg': 0.181, 'neu': 0.622, 'pos': 0.197, 'compound': -0.2263}\n",
      "{'neg': 0.415, 'neu': 0.556, 'pos': 0.029, 'compound': -0.9851}\n",
      "{'neg': 0.0, 'neu': 0.925, 'pos': 0.075, 'compound': 0.3818}\n",
      "{'neg': 0.283, 'neu': 0.425, 'pos': 0.292, 'compound': 0.9169}\n",
      "{'neg': 0.0, 'neu': 0.68, 'pos': 0.32, 'compound': 0.9393}\n",
      "{'neg': 0.366, 'neu': 0.519, 'pos': 0.115, 'compound': -0.802}\n",
      "{'neg': 0.0, 'neu': 0.684, 'pos': 0.316, 'compound': 0.8271}\n",
      "{'neg': 0.23, 'neu': 0.471, 'pos': 0.299, 'compound': 0.4019}\n",
      "{'neg': 0.349, 'neu': 0.427, 'pos': 0.224, 'compound': -0.9001}\n",
      "{'neg': 0.097, 'neu': 0.856, 'pos': 0.046, 'compound': -0.7717}\n",
      "{'neg': 0.075, 'neu': 0.471, 'pos': 0.455, 'compound': 0.9819}\n",
      "{'neg': 0.188, 'neu': 0.496, 'pos': 0.316, 'compound': 0.802}\n",
      "{'neg': 0.065, 'neu': 0.751, 'pos': 0.183, 'compound': 0.9509}\n",
      "{'neg': 0.239, 'neu': 0.546, 'pos': 0.215, 'compound': -0.836}\n",
      "{'neg': 0.066, 'neu': 0.72, 'pos': 0.214, 'compound': 0.9845}\n",
      "{'neg': 0.036, 'neu': 0.772, 'pos': 0.192, 'compound': 0.8074}\n",
      "{'neg': 0.035, 'neu': 0.965, 'pos': 0.0, 'compound': -0.1531}\n",
      "{'neg': 0.0, 'neu': 0.478, 'pos': 0.522, 'compound': 0.9873}\n",
      "{'neg': 0.215, 'neu': 0.449, 'pos': 0.337, 'compound': 0.5574}\n",
      "{'neg': 0.089, 'neu': 0.607, 'pos': 0.304, 'compound': 0.6486}\n",
      "{'neg': 0.23, 'neu': 0.579, 'pos': 0.192, 'compound': 0.0258}\n",
      "{'neg': 0.0, 'neu': 0.705, 'pos': 0.295, 'compound': 0.8934}\n",
      "{'neg': 0.0, 'neu': 0.688, 'pos': 0.312, 'compound': 0.9788}\n",
      "{'neg': 0.278, 'neu': 0.722, 'pos': 0.0, 'compound': -0.7269}\n",
      "{'neg': 0.155, 'neu': 0.55, 'pos': 0.295, 'compound': 0.8225}\n",
      "{'neg': 0.156, 'neu': 0.539, 'pos': 0.305, 'compound': 0.8885}\n",
      "{'neg': 0.118, 'neu': 0.588, 'pos': 0.294, 'compound': 0.8658}\n",
      "{'neg': 0.229, 'neu': 0.447, 'pos': 0.325, 'compound': 0.765}\n",
      "{'neg': 0.079, 'neu': 0.575, 'pos': 0.346, 'compound': 0.9794}\n",
      "{'neg': 0.056, 'neu': 0.875, 'pos': 0.069, 'compound': 0.128}\n",
      "{'neg': 0.09, 'neu': 0.428, 'pos': 0.482, 'compound': 0.9769}\n",
      "{'neg': 0.188, 'neu': 0.503, 'pos': 0.309, 'compound': 0.5859}\n",
      "{'neg': 0.055, 'neu': 0.883, 'pos': 0.062, 'compound': 0.1779}\n",
      "{'neg': 0.558, 'neu': 0.166, 'pos': 0.275, 'compound': -0.9723}\n",
      "{'neg': 0.178, 'neu': 0.711, 'pos': 0.111, 'compound': -0.7269}\n",
      "{'neg': 0.126, 'neu': 0.632, 'pos': 0.241, 'compound': 0.8402}\n",
      "{'neg': 0.179, 'neu': 0.354, 'pos': 0.467, 'compound': 0.9413}\n",
      "{'neg': 0.0, 'neu': 0.415, 'pos': 0.585, 'compound': 0.9565}\n",
      "{'neg': 0.04, 'neu': 0.319, 'pos': 0.641, 'compound': 0.9887}\n",
      "{'neg': 0.187, 'neu': 0.395, 'pos': 0.418, 'compound': 0.9501}\n",
      "{'neg': 0.059, 'neu': 0.879, 'pos': 0.062, 'compound': 0.0516}\n",
      "{'neg': 0.205, 'neu': 0.699, 'pos': 0.097, 'compound': -0.7003}\n",
      "{'neg': 0.045, 'neu': 0.811, 'pos': 0.144, 'compound': 0.0772}\n",
      "{'neg': 0.108, 'neu': 0.612, 'pos': 0.281, 'compound': 0.802}\n",
      "{'neg': 0.0, 'neu': 0.471, 'pos': 0.529, 'compound': 0.9738}\n",
      "{'neg': 0.0, 'neu': 0.392, 'pos': 0.608, 'compound': 0.9921}\n",
      "{'neg': 0.06, 'neu': 0.71, 'pos': 0.23, 'compound': 0.6369}\n",
      "{'neg': 0.373, 'neu': 0.471, 'pos': 0.156, 'compound': -0.9942}\n",
      "{'neg': 0.061, 'neu': 0.608, 'pos': 0.332, 'compound': 0.9612}\n",
      "{'neg': 0.058, 'neu': 0.685, 'pos': 0.257, 'compound': 0.9545}\n",
      "{'neg': 0.359, 'neu': 0.477, 'pos': 0.164, 'compound': -0.9477}\n",
      "{'neg': 0.185, 'neu': 0.815, 'pos': 0.0, 'compound': -0.6124}\n",
      "{'neg': 0.175, 'neu': 0.619, 'pos': 0.205, 'compound': 0.1779}\n",
      "{'neg': 0.235, 'neu': 0.765, 'pos': 0.0, 'compound': -0.9638}\n",
      "{'neg': 0.0, 'neu': 0.263, 'pos': 0.737, 'compound': 0.9559}\n",
      "{'neg': 0.475, 'neu': 0.338, 'pos': 0.186, 'compound': -0.9851}\n",
      "{'neg': 0.0, 'neu': 0.547, 'pos': 0.453, 'compound': 0.9584}\n",
      "{'neg': 0.115, 'neu': 0.752, 'pos': 0.133, 'compound': 0.3182}\n",
      "{'neg': 0.026, 'neu': 0.676, 'pos': 0.298, 'compound': 0.9313}\n",
      "{'neg': 0.027, 'neu': 0.202, 'pos': 0.771, 'compound': 0.9801}\n",
      "{'neg': 0.173, 'neu': 0.627, 'pos': 0.199, 'compound': 0.1027}\n",
      "{'neg': 0.161, 'neu': 0.757, 'pos': 0.082, 'compound': -0.6908}\n",
      "{'neg': 0.335, 'neu': 0.544, 'pos': 0.121, 'compound': -0.4767}\n",
      "{'neg': 0.027, 'neu': 0.253, 'pos': 0.72, 'compound': 0.9929}\n",
      "{'neg': 0.166, 'neu': 0.664, 'pos': 0.17, 'compound': 0.0772}\n",
      "{'neg': 0.118, 'neu': 0.508, 'pos': 0.374, 'compound': 0.9201}\n",
      "{'neg': 0.127, 'neu': 0.43, 'pos': 0.442, 'compound': 0.946}\n",
      "{'neg': 0.0, 'neu': 0.453, 'pos': 0.547, 'compound': 0.9961}\n",
      "{'neg': 0.045, 'neu': 0.7, 'pos': 0.255, 'compound': 0.8807}\n",
      "{'neg': 0.084, 'neu': 0.574, 'pos': 0.342, 'compound': 0.9118}\n",
      "{'neg': 0.024, 'neu': 0.61, 'pos': 0.366, 'compound': 0.9595}\n",
      "{'neg': 0.074, 'neu': 0.706, 'pos': 0.221, 'compound': 0.8402}\n",
      "{'neg': 0.127, 'neu': 0.533, 'pos': 0.34, 'compound': 0.7506}\n",
      "{'neg': 0.08, 'neu': 0.497, 'pos': 0.422, 'compound': 0.9925}\n",
      "{'neg': 0.09, 'neu': 0.861, 'pos': 0.049, 'compound': -0.0258}\n",
      "{'neg': 0.013, 'neu': 0.695, 'pos': 0.292, 'compound': 0.9812}\n",
      "{'neg': 0.0, 'neu': 0.509, 'pos': 0.491, 'compound': 0.9719}\n",
      "{'neg': 0.377, 'neu': 0.433, 'pos': 0.19, 'compound': -0.9825}\n",
      "{'neg': 0.107, 'neu': 0.58, 'pos': 0.313, 'compound': 0.836}\n",
      "{'neg': 0.37, 'neu': 0.513, 'pos': 0.116, 'compound': -0.9887}\n",
      "{'neg': 0.267, 'neu': 0.407, 'pos': 0.326, 'compound': 0.25}\n",
      "{'neg': 0.087, 'neu': 0.592, 'pos': 0.321, 'compound': 0.9559}\n",
      "{'neg': 0.043, 'neu': 0.796, 'pos': 0.161, 'compound': 0.5859}\n",
      "{'neg': 0.0, 'neu': 0.516, 'pos': 0.484, 'compound': 0.9801}\n",
      "{'neg': 0.252, 'neu': 0.614, 'pos': 0.134, 'compound': 0.7096}\n",
      "{'neg': 0.064, 'neu': 0.743, 'pos': 0.193, 'compound': 0.765}\n",
      "{'neg': 0.301, 'neu': 0.459, 'pos': 0.24, 'compound': -0.9738}\n",
      "{'neg': 0.224, 'neu': 0.224, 'pos': 0.552, 'compound': 0.9287}\n",
      "{'neg': 0.238, 'neu': 0.592, 'pos': 0.169, 'compound': -0.9509}\n",
      "{'neg': 0.23, 'neu': 0.623, 'pos': 0.147, 'compound': -0.8271}\n",
      "{'neg': 0.171, 'neu': 0.591, 'pos': 0.238, 'compound': 0.7096}\n",
      "{'neg': 0.102, 'neu': 0.484, 'pos': 0.413, 'compound': 0.9403}\n",
      "{'neg': 0.083, 'neu': 0.917, 'pos': 0.0, 'compound': -0.743}\n",
      "{'neg': 0.225, 'neu': 0.46, 'pos': 0.314, 'compound': 0.891}\n",
      "{'neg': 0.21, 'neu': 0.116, 'pos': 0.675, 'compound': 0.9864}\n",
      "{'neg': 0.135, 'neu': 0.613, 'pos': 0.251, 'compound': 0.9697}\n",
      "{'neg': 0.501, 'neu': 0.483, 'pos': 0.016, 'compound': -0.9981}\n",
      "{'neg': 0.306, 'neu': 0.234, 'pos': 0.461, 'compound': 0.8074}\n",
      "{'neg': 0.49, 'neu': 0.474, 'pos': 0.036, 'compound': -0.9932}\n",
      "{'neg': 0.0, 'neu': 0.745, 'pos': 0.255, 'compound': 0.8225}\n",
      "{'neg': 0.0, 'neu': 0.297, 'pos': 0.703, 'compound': 0.9961}\n",
      "{'neg': 0.067, 'neu': 0.852, 'pos': 0.081, 'compound': 0.2732}\n",
      "{'neg': 0.0, 'neu': 0.274, 'pos': 0.726, 'compound': 0.9678}\n",
      "{'neg': 0.125, 'neu': 0.606, 'pos': 0.269, 'compound': 0.8225}\n",
      "{'neg': 0.097, 'neu': 0.903, 'pos': 0.0, 'compound': -0.8316}\n",
      "{'neg': 0.191, 'neu': 0.301, 'pos': 0.509, 'compound': 0.969}\n",
      "{'neg': 0.129, 'neu': 0.555, 'pos': 0.316, 'compound': 0.9022}\n",
      "{'neg': 0.121, 'neu': 0.527, 'pos': 0.353, 'compound': 0.9928}\n",
      "{'neg': 0.335, 'neu': 0.609, 'pos': 0.055, 'compound': -0.96}\n",
      "{'neg': 0.145, 'neu': 0.636, 'pos': 0.22, 'compound': 0.5574}\n",
      "{'neg': 0.104, 'neu': 0.849, 'pos': 0.047, 'compound': -0.4215}\n",
      "{'neg': 0.0, 'neu': 0.666, 'pos': 0.334, 'compound': 0.8758}\n",
      "{'neg': 0.258, 'neu': 0.57, 'pos': 0.172, 'compound': -0.8316}\n",
      "{'neg': 0.099, 'neu': 0.327, 'pos': 0.574, 'compound': 0.9939}\n",
      "{'neg': 0.0, 'neu': 0.356, 'pos': 0.644, 'compound': 0.9231}\n",
      "{'neg': 0.135, 'neu': 0.612, 'pos': 0.254, 'compound': 0.5574}\n",
      "{'neg': 0.092, 'neu': 0.488, 'pos': 0.421, 'compound': 0.9877}\n",
      "{'neg': 0.0, 'neu': 0.557, 'pos': 0.443, 'compound': 0.91}\n",
      "{'neg': 0.051, 'neu': 0.65, 'pos': 0.3, 'compound': 0.7845}\n",
      "{'neg': 0.328, 'neu': 0.501, 'pos': 0.171, 'compound': -0.2263}\n",
      "{'neg': 0.213, 'neu': 0.418, 'pos': 0.369, 'compound': 0.5423}\n",
      "{'neg': 0.0, 'neu': 0.132, 'pos': 0.868, 'compound': 0.9986}\n",
      "{'neg': 0.087, 'neu': 0.707, 'pos': 0.206, 'compound': 0.6908}\n",
      "{'neg': 0.026, 'neu': 0.301, 'pos': 0.673, 'compound': 0.9966}\n",
      "{'neg': 0.033, 'neu': 0.697, 'pos': 0.27, 'compound': 0.9118}\n",
      "{'neg': 0.01, 'neu': 0.596, 'pos': 0.394, 'compound': 0.9979}\n",
      "{'neg': 0.086, 'neu': 0.618, 'pos': 0.296, 'compound': 0.9042}\n",
      "{'neg': 0.085, 'neu': 0.127, 'pos': 0.788, 'compound': 0.9969}\n",
      "{'neg': 0.163, 'neu': 0.482, 'pos': 0.355, 'compound': 0.9531}\n",
      "{'neg': 0.0, 'neu': 0.466, 'pos': 0.534, 'compound': 0.9538}\n",
      "{'neg': 0.59, 'neu': 0.204, 'pos': 0.206, 'compound': -0.9971}\n",
      "{'neg': 0.325, 'neu': 0.473, 'pos': 0.202, 'compound': -0.8225}\n",
      "{'neg': 0.158, 'neu': 0.718, 'pos': 0.124, 'compound': 0.1531}\n",
      "{'neg': 0.0, 'neu': 0.894, 'pos': 0.106, 'compound': 0.3612}\n",
      "{'neg': 0.048, 'neu': 0.804, 'pos': 0.148, 'compound': 0.9313}\n",
      "{'neg': 0.066, 'neu': 0.874, 'pos': 0.06, 'compound': -0.0258}\n",
      "{'neg': 0.0, 'neu': 0.517, 'pos': 0.483, 'compound': 0.9493}\n",
      "{'neg': 0.0, 'neu': 0.489, 'pos': 0.511, 'compound': 0.9866}\n",
      "{'neg': 0.282, 'neu': 0.701, 'pos': 0.018, 'compound': -0.9217}\n",
      "{'neg': 0.024, 'neu': 0.794, 'pos': 0.182, 'compound': 0.9451}\n",
      "{'neg': 0.0, 'neu': 0.495, 'pos': 0.505, 'compound': 0.9788}\n",
      "{'neg': 0.0, 'neu': 0.325, 'pos': 0.675, 'compound': 0.8555}\n",
      "{'neg': 0.059, 'neu': 0.69, 'pos': 0.251, 'compound': 0.5994}\n",
      "{'neg': 0.0, 'neu': 0.538, 'pos': 0.462, 'compound': 0.9509}\n",
      "{'neg': 0.104, 'neu': 0.571, 'pos': 0.325, 'compound': 0.886}\n",
      "{'neg': 0.194, 'neu': 0.625, 'pos': 0.181, 'compound': -0.1531}\n",
      "{'neg': 0.188, 'neu': 0.601, 'pos': 0.212, 'compound': 0.25}\n",
      "{'neg': 0.0, 'neu': 0.379, 'pos': 0.621, 'compound': 0.9771}\n",
      "{'neg': 0.0, 'neu': 0.817, 'pos': 0.183, 'compound': 0.8836}\n",
      "{'neg': 0.195, 'neu': 0.286, 'pos': 0.518, 'compound': 0.9776}\n",
      "{'neg': 0.073, 'neu': 0.465, 'pos': 0.462, 'compound': 0.9831}\n",
      "{'neg': 0.208, 'neu': 0.408, 'pos': 0.384, 'compound': 0.6486}\n",
      "{'neg': 0.098, 'neu': 0.585, 'pos': 0.316, 'compound': 0.8519}\n",
      "{'neg': 0.0, 'neu': 0.637, 'pos': 0.363, 'compound': 0.9246}\n",
      "{'neg': 0.015, 'neu': 0.605, 'pos': 0.38, 'compound': 0.9872}\n",
      "{'neg': 0.0, 'neu': 0.936, 'pos': 0.064, 'compound': 0.4939}\n",
      "{'neg': 0.399, 'neu': 0.401, 'pos': 0.2, 'compound': -0.9246}\n",
      "{'neg': 0.285, 'neu': 0.471, 'pos': 0.244, 'compound': -0.5106}\n",
      "{'neg': 0.117, 'neu': 0.757, 'pos': 0.126, 'compound': -0.1779}\n",
      "{'neg': 0.0, 'neu': 0.929, 'pos': 0.071, 'compound': 0.3818}\n",
      "{'neg': 0.054, 'neu': 0.704, 'pos': 0.242, 'compound': 0.8658}\n",
      "{'neg': 0.142, 'neu': 0.57, 'pos': 0.288, 'compound': 0.8658}\n",
      "{'neg': 0.015, 'neu': 0.503, 'pos': 0.482, 'compound': 0.9892}\n",
      "{'neg': 0.061, 'neu': 0.594, 'pos': 0.346, 'compound': 0.9565}\n",
      "{'neg': 0.346, 'neu': 0.574, 'pos': 0.08, 'compound': -0.9493}\n",
      "{'neg': 0.0, 'neu': 0.489, 'pos': 0.511, 'compound': 0.9136}\n",
      "{'neg': 0.0, 'neu': 1.0, 'pos': 0.0, 'compound': 0.0}\n",
      "{'neg': 0.0, 'neu': 0.552, 'pos': 0.448, 'compound': 0.9552}\n",
      "{'neg': 0.293, 'neu': 0.488, 'pos': 0.22, 'compound': 0.8419}\n",
      "{'neg': 0.0, 'neu': 0.547, 'pos': 0.453, 'compound': 0.9578}\n",
      "{'neg': 0.0, 'neu': 0.761, 'pos': 0.239, 'compound': 0.8176}\n",
      "{'neg': 0.0, 'neu': 0.608, 'pos': 0.392, 'compound': 0.9633}\n",
      "{'neg': 0.145, 'neu': 0.39, 'pos': 0.465, 'compound': 0.9661}\n",
      "{'neg': 0.02, 'neu': 0.522, 'pos': 0.458, 'compound': 0.9799}\n",
      "{'neg': 0.329, 'neu': 0.487, 'pos': 0.184, 'compound': -0.8074}\n",
      "{'neg': 0.0, 'neu': 0.676, 'pos': 0.324, 'compound': 0.9154}\n",
      "{'neg': 0.074, 'neu': 0.846, 'pos': 0.08, 'compound': -0.1027}\n",
      "{'neg': 0.054, 'neu': 0.451, 'pos': 0.495, 'compound': 0.9657}\n",
      "{'neg': 0.012, 'neu': 0.955, 'pos': 0.033, 'compound': 0.4019}\n",
      "{'neg': 0.051, 'neu': 0.722, 'pos': 0.226, 'compound': 0.802}\n",
      "{'neg': 0.241, 'neu': 0.759, 'pos': 0.0, 'compound': -0.9414}\n",
      "{'neg': 0.0, 'neu': 0.498, 'pos': 0.502, 'compound': 0.9893}\n",
      "{'neg': 0.0, 'neu': 0.663, 'pos': 0.337, 'compound': 0.9042}\n",
      "{'neg': 0.524, 'neu': 0.369, 'pos': 0.107, 'compound': -0.9666}\n",
      "{'neg': 0.023, 'neu': 0.639, 'pos': 0.338, 'compound': 0.9709}\n",
      "{'neg': 0.264, 'neu': 0.704, 'pos': 0.033, 'compound': -0.8481}\n",
      "{'neg': 0.395, 'neu': 0.232, 'pos': 0.373, 'compound': -0.2263}\n",
      "{'neg': 0.186, 'neu': 0.593, 'pos': 0.221, 'compound': 0.4019}\n",
      "{'neg': 0.0, 'neu': 0.516, 'pos': 0.484, 'compound': 0.9559}\n",
      "{'neg': 0.026, 'neu': 0.505, 'pos': 0.469, 'compound': 0.99}\n",
      "{'neg': 0.06, 'neu': 0.759, 'pos': 0.181, 'compound': 0.8979}\n",
      "{'neg': 0.049, 'neu': 0.653, 'pos': 0.298, 'compound': 0.9758}\n",
      "{'neg': 0.043, 'neu': 0.626, 'pos': 0.33, 'compound': 0.9786}\n",
      "{'neg': 0.047, 'neu': 0.79, 'pos': 0.163, 'compound': 0.7269}\n",
      "{'neg': 0.0, 'neu': 0.568, 'pos': 0.432, 'compound': 0.9949}\n",
      "{'neg': 0.0, 'neu': 0.402, 'pos': 0.598, 'compound': 0.9601}\n",
      "{'neg': 0.0, 'neu': 0.575, 'pos': 0.425, 'compound': 0.979}\n",
      "{'neg': 0.159, 'neu': 0.697, 'pos': 0.144, 'compound': 0.1531}\n",
      "{'neg': 0.0, 'neu': 0.449, 'pos': 0.551, 'compound': 0.9451}\n",
      "{'neg': 0.16, 'neu': 0.632, 'pos': 0.208, 'compound': 0.34}\n",
      "{'neg': 0.0, 'neu': 0.9, 'pos': 0.1, 'compound': 0.25}\n",
      "{'neg': 0.132, 'neu': 0.535, 'pos': 0.332, 'compound': 0.9136}\n",
      "{'neg': 0.05, 'neu': 0.324, 'pos': 0.626, 'compound': 0.9517}\n",
      "{'neg': 0.046, 'neu': 0.765, 'pos': 0.19, 'compound': 0.9741}\n",
      "{'neg': 0.043, 'neu': 0.364, 'pos': 0.592, 'compound': 0.9723}\n",
      "{'neg': 0.047, 'neu': 0.844, 'pos': 0.109, 'compound': 0.911}\n",
      "{'neg': 0.243, 'neu': 0.757, 'pos': 0.0, 'compound': -0.9694}\n",
      "{'neg': 0.171, 'neu': 0.734, 'pos': 0.094, 'compound': -0.5267}\n",
      "{'neg': 0.239, 'neu': 0.477, 'pos': 0.284, 'compound': 0.6597}\n",
      "{'neg': 0.281, 'neu': 0.392, 'pos': 0.327, 'compound': 0.2732}\n",
      "{'neg': 0.22, 'neu': 0.46, 'pos': 0.319, 'compound': 0.836}\n",
      "{'neg': 0.164, 'neu': 0.628, 'pos': 0.207, 'compound': 0.6808}\n",
      "{'neg': 0.068, 'neu': 0.586, 'pos': 0.345, 'compound': 0.8176}\n",
      "{'neg': 0.0, 'neu': 0.261, 'pos': 0.739, 'compound': 0.9666}\n",
      "{'neg': 0.044, 'neu': 0.551, 'pos': 0.405, 'compound': 0.9201}\n",
      "{'neg': 0.027, 'neu': 0.63, 'pos': 0.343, 'compound': 0.9665}\n",
      "{'neg': 0.21, 'neu': 0.56, 'pos': 0.23, 'compound': 0.4404}\n",
      "{'neg': 0.191, 'neu': 0.547, 'pos': 0.262, 'compound': 0.6249}\n",
      "{'neg': 0.0, 'neu': 0.436, 'pos': 0.564, 'compound': 0.959}\n",
      "{'neg': 0.174, 'neu': 0.431, 'pos': 0.395, 'compound': 0.8689}\n",
      "{'neg': 0.08, 'neu': 0.491, 'pos': 0.429, 'compound': 0.9774}\n",
      "{'neg': 0.17, 'neu': 0.59, 'pos': 0.24, 'compound': 0.8519}\n",
      "{'neg': 0.102, 'neu': 0.416, 'pos': 0.483, 'compound': 0.9923}\n",
      "{'neg': 0.047, 'neu': 0.547, 'pos': 0.406, 'compound': 0.9607}\n",
      "{'neg': 0.034, 'neu': 0.426, 'pos': 0.54, 'compound': 0.9571}\n",
      "{'neg': 0.212, 'neu': 0.615, 'pos': 0.172, 'compound': -0.3182}\n",
      "{'neg': 0.188, 'neu': 0.526, 'pos': 0.286, 'compound': 0.7096}\n",
      "{'neg': 0.134, 'neu': 0.802, 'pos': 0.064, 'compound': -0.3612}\n",
      "{'neg': 0.252, 'neu': 0.614, 'pos': 0.134, 'compound': -0.7579}\n",
      "{'neg': 0.374, 'neu': 0.03, 'pos': 0.596, 'compound': 0.9413}\n",
      "{'neg': 0.463, 'neu': 0.397, 'pos': 0.14, 'compound': -0.9337}\n",
      "{'neg': 0.0, 'neu': 0.394, 'pos': 0.606, 'compound': 0.9643}\n",
      "{'neg': 0.544, 'neu': 0.322, 'pos': 0.134, 'compound': -0.936}\n",
      "{'neg': 0.242, 'neu': 0.442, 'pos': 0.316, 'compound': 0.802}\n",
      "{'neg': 0.242, 'neu': 0.518, 'pos': 0.24, 'compound': 0.2263}\n",
      "{'neg': 0.0, 'neu': 1.0, 'pos': 0.0, 'compound': 0.0}\n",
      "{'neg': 0.029, 'neu': 0.849, 'pos': 0.122, 'compound': 0.6705}\n",
      "{'neg': 0.0, 'neu': 0.603, 'pos': 0.397, 'compound': 0.9847}\n",
      "{'neg': 0.144, 'neu': 0.603, 'pos': 0.253, 'compound': 0.7269}\n",
      "{'neg': 0.13, 'neu': 0.829, 'pos': 0.041, 'compound': -0.875}\n",
      "{'neg': 0.187, 'neu': 0.465, 'pos': 0.349, 'compound': 0.7408}\n",
      "{'neg': 0.253, 'neu': 0.683, 'pos': 0.063, 'compound': -0.8126}\n",
      "{'neg': 0.13, 'neu': 0.569, 'pos': 0.301, 'compound': 0.8519}\n",
      "{'neg': 0.0, 'neu': 0.562, 'pos': 0.438, 'compound': 0.9552}\n",
      "{'neg': 0.689, 'neu': 0.266, 'pos': 0.044, 'compound': -0.9903}\n",
      "{'neg': 0.344, 'neu': 0.428, 'pos': 0.228, 'compound': -0.9887}\n",
      "{'neg': 0.056, 'neu': 0.881, 'pos': 0.063, 'compound': 0.1779}\n",
      "{'neg': 0.0, 'neu': 0.288, 'pos': 0.712, 'compound': 0.9769}\n",
      "{'neg': 0.039, 'neu': 0.504, 'pos': 0.457, 'compound': 0.9811}\n",
      "{'neg': 0.0, 'neu': 0.376, 'pos': 0.624, 'compound': 0.987}\n",
      "{'neg': 0.259, 'neu': 0.473, 'pos': 0.268, 'compound': 0.1531}\n",
      "{'neg': 0.192, 'neu': 0.625, 'pos': 0.183, 'compound': -0.6369}\n",
      "{'neg': 0.061, 'neu': 0.487, 'pos': 0.451, 'compound': 0.9744}\n",
      "{'neg': 0.074, 'neu': 0.743, 'pos': 0.182, 'compound': 0.4939}\n",
      "{'neg': 0.096, 'neu': 0.509, 'pos': 0.395, 'compound': 0.9432}\n",
      "{'neg': 0.248, 'neu': 0.51, 'pos': 0.242, 'compound': -0.1531}\n",
      "{'neg': 0.0, 'neu': 0.514, 'pos': 0.486, 'compound': 0.9821}\n",
      "{'neg': 0.0, 'neu': 0.511, 'pos': 0.489, 'compound': 0.9828}\n"
     ]
    },
    {
     "name": "stdout",
     "output_type": "stream",
     "text": [
      "{'neg': 0.101, 'neu': 0.447, 'pos': 0.452, 'compound': 0.9524}\n",
      "{'neg': 0.138, 'neu': 0.862, 'pos': 0.0, 'compound': -0.872}\n",
      "{'neg': 0.165, 'neu': 0.667, 'pos': 0.169, 'compound': -0.3612}\n",
      "{'neg': 0.31, 'neu': 0.69, 'pos': 0.0, 'compound': -0.9774}\n",
      "{'neg': 0.596, 'neu': 0.253, 'pos': 0.152, 'compound': -0.9747}\n",
      "{'neg': 0.0, 'neu': 0.673, 'pos': 0.327, 'compound': 0.9201}\n",
      "{'neg': 0.116, 'neu': 0.864, 'pos': 0.019, 'compound': -0.6705}\n",
      "{'neg': 0.229, 'neu': 0.771, 'pos': 0.0, 'compound': -0.9351}\n",
      "{'neg': 0.153, 'neu': 0.45, 'pos': 0.397, 'compound': 0.9783}\n",
      "{'neg': 0.052, 'neu': 0.72, 'pos': 0.228, 'compound': 0.9136}\n",
      "{'neg': 0.0, 'neu': 0.781, 'pos': 0.219, 'compound': 0.8316}\n",
      "{'neg': 0.0, 'neu': 0.684, 'pos': 0.316, 'compound': 0.8126}\n",
      "{'neg': 0.062, 'neu': 0.474, 'pos': 0.464, 'compound': 0.9812}\n",
      "{'neg': 0.26, 'neu': 0.314, 'pos': 0.426, 'compound': 0.4019}\n",
      "{'neg': 0.126, 'neu': 0.468, 'pos': 0.405, 'compound': 0.9287}\n",
      "{'neg': 0.0, 'neu': 0.689, 'pos': 0.311, 'compound': 0.8591}\n",
      "{'neg': 0.361, 'neu': 0.568, 'pos': 0.071, 'compound': -0.8807}\n",
      "{'neg': 0.0, 'neu': 0.68, 'pos': 0.32, 'compound': 0.9201}\n",
      "{'neg': 0.0, 'neu': 0.895, 'pos': 0.105, 'compound': 0.7964}\n",
      "{'neg': 0.0, 'neu': 0.666, 'pos': 0.334, 'compound': 0.9705}\n",
      "{'neg': 0.271, 'neu': 0.279, 'pos': 0.45, 'compound': 0.9118}\n",
      "{'neg': 0.071, 'neu': 0.347, 'pos': 0.582, 'compound': 0.9854}\n",
      "{'neg': 0.197, 'neu': 0.266, 'pos': 0.537, 'compound': 0.9612}\n",
      "{'neg': 0.141, 'neu': 0.859, 'pos': 0.0, 'compound': -0.6808}\n",
      "{'neg': 0.0, 'neu': 0.682, 'pos': 0.318, 'compound': 0.9601}\n",
      "{'neg': 0.14, 'neu': 0.478, 'pos': 0.382, 'compound': 0.9217}\n",
      "{'neg': 0.077, 'neu': 0.7, 'pos': 0.223, 'compound': 0.9538}\n",
      "{'neg': 0.115, 'neu': 0.636, 'pos': 0.248, 'compound': 0.836}\n",
      "{'neg': 0.035, 'neu': 0.145, 'pos': 0.82, 'compound': 0.9994}\n",
      "{'neg': 0.0, 'neu': 0.192, 'pos': 0.808, 'compound': 0.996}\n",
      "{'neg': 0.137, 'neu': 0.462, 'pos': 0.401, 'compound': 0.9186}\n",
      "{'neg': 0.0, 'neu': 0.296, 'pos': 0.704, 'compound': 0.9944}\n",
      "{'neg': 0.314, 'neu': 0.637, 'pos': 0.048, 'compound': -0.9716}\n",
      "{'neg': 0.171, 'neu': 0.631, 'pos': 0.198, 'compound': 0.1531}\n",
      "{'neg': 0.0, 'neu': 0.297, 'pos': 0.703, 'compound': 0.9974}\n",
      "{'neg': 0.24, 'neu': 0.57, 'pos': 0.191, 'compound': -0.9186}\n",
      "{'neg': 0.03, 'neu': 0.802, 'pos': 0.168, 'compound': 0.8481}\n",
      "{'neg': 0.231, 'neu': 0.731, 'pos': 0.038, 'compound': -0.765}\n",
      "{'neg': 0.423, 'neu': 0.474, 'pos': 0.104, 'compound': -0.9834}\n",
      "{'neg': 0.359, 'neu': 0.503, 'pos': 0.138, 'compound': -0.9935}\n",
      "{'neg': 0.467, 'neu': 0.278, 'pos': 0.254, 'compound': -0.9698}\n",
      "{'neg': 0.058, 'neu': 0.483, 'pos': 0.459, 'compound': 0.9969}\n",
      "{'neg': 0.141, 'neu': 0.457, 'pos': 0.401, 'compound': 0.9834}\n",
      "{'neg': 0.0, 'neu': 0.413, 'pos': 0.587, 'compound': 0.9705}\n",
      "{'neg': 0.046, 'neu': 0.695, 'pos': 0.259, 'compound': 0.875}\n",
      "{'neg': 0.163, 'neu': 0.749, 'pos': 0.088, 'compound': -0.3182}\n",
      "{'neg': 0.216, 'neu': 0.523, 'pos': 0.261, 'compound': 0.6816}\n",
      "{'neg': 0.092, 'neu': 0.755, 'pos': 0.153, 'compound': 0.4588}\n",
      "{'neg': 0.203, 'neu': 0.394, 'pos': 0.402, 'compound': 0.9022}\n",
      "{'neg': 0.213, 'neu': 0.533, 'pos': 0.254, 'compound': 0.8271}\n",
      "{'neg': 0.133, 'neu': 0.761, 'pos': 0.106, 'compound': 0.0}\n",
      "{'neg': 0.0, 'neu': 0.201, 'pos': 0.799, 'compound': 0.9992}\n",
      "{'neg': 0.307, 'neu': 0.493, 'pos': 0.2, 'compound': -0.7096}\n",
      "{'neg': 0.097, 'neu': 0.587, 'pos': 0.316, 'compound': 0.9217}\n",
      "{'neg': 0.0, 'neu': 0.864, 'pos': 0.136, 'compound': 0.926}\n",
      "{'neg': 0.318, 'neu': 0.287, 'pos': 0.395, 'compound': 0.4215}\n",
      "{'neg': 0.438, 'neu': 0.318, 'pos': 0.244, 'compound': -0.8934}\n",
      "{'neg': 0.393, 'neu': 0.607, 'pos': 0.0, 'compound': -0.9413}\n",
      "{'neg': 0.259, 'neu': 0.584, 'pos': 0.157, 'compound': -0.9712}\n",
      "{'neg': 0.35, 'neu': 0.498, 'pos': 0.152, 'compound': -0.9501}\n",
      "{'neg': 0.0, 'neu': 0.895, 'pos': 0.105, 'compound': 0.8225}\n",
      "{'neg': 0.127, 'neu': 0.745, 'pos': 0.127, 'compound': 0.0}\n",
      "{'neg': 0.137, 'neu': 0.714, 'pos': 0.149, 'compound': 0.1531}\n",
      "{'neg': 0.02, 'neu': 0.521, 'pos': 0.46, 'compound': 0.9945}\n",
      "{'neg': 0.0, 'neu': 0.853, 'pos': 0.147, 'compound': 0.8126}\n",
      "{'neg': 0.0, 'neu': 0.677, 'pos': 0.323, 'compound': 0.9904}\n",
      "{'neg': 0.198, 'neu': 0.326, 'pos': 0.476, 'compound': 0.872}\n",
      "{'neg': 0.0, 'neu': 0.21, 'pos': 0.79, 'compound': 0.9949}\n",
      "{'neg': 0.052, 'neu': 0.524, 'pos': 0.423, 'compound': 0.9524}\n",
      "{'neg': 0.0, 'neu': 0.718, 'pos': 0.282, 'compound': 0.926}\n",
      "{'neg': 0.076, 'neu': 0.8, 'pos': 0.124, 'compound': 0.2732}\n",
      "{'neg': 0.066, 'neu': 0.867, 'pos': 0.068, 'compound': 0.0258}\n",
      "{'neg': 0.033, 'neu': 0.677, 'pos': 0.289, 'compound': 0.9674}\n",
      "{'neg': 0.287, 'neu': 0.534, 'pos': 0.179, 'compound': -0.5106}\n",
      "{'neg': 0.0, 'neu': 0.496, 'pos': 0.504, 'compound': 0.9942}\n",
      "{'neg': 0.251, 'neu': 0.536, 'pos': 0.213, 'compound': 0.4588}\n",
      "{'neg': 0.0, 'neu': 0.263, 'pos': 0.737, 'compound': 0.9858}\n",
      "{'neg': 0.117, 'neu': 0.667, 'pos': 0.217, 'compound': 0.4939}\n",
      "{'neg': 0.0, 'neu': 0.833, 'pos': 0.167, 'compound': 0.7184}\n",
      "{'neg': 0.063, 'neu': 0.571, 'pos': 0.365, 'compound': 0.93}\n",
      "{'neg': 0.515, 'neu': 0.221, 'pos': 0.264, 'compound': -0.9702}\n",
      "{'neg': 0.161, 'neu': 0.47, 'pos': 0.369, 'compound': 0.9837}\n",
      "{'neg': 0.52, 'neu': 0.259, 'pos': 0.221, 'compound': -0.985}\n",
      "{'neg': 0.198, 'neu': 0.659, 'pos': 0.144, 'compound': -0.4767}\n",
      "{'neg': 0.086, 'neu': 0.883, 'pos': 0.031, 'compound': -0.1531}\n",
      "{'neg': 0.195, 'neu': 0.655, 'pos': 0.15, 'compound': 0.0772}\n",
      "{'neg': 0.0, 'neu': 0.246, 'pos': 0.754, 'compound': 0.9858}\n",
      "{'neg': 0.139, 'neu': 0.818, 'pos': 0.043, 'compound': -0.4939}\n",
      "{'neg': 0.274, 'neu': 0.626, 'pos': 0.099, 'compound': -0.8591}\n",
      "{'neg': 0.07, 'neu': 0.457, 'pos': 0.473, 'compound': 0.9831}\n",
      "{'neg': 0.259, 'neu': 0.546, 'pos': 0.195, 'compound': -0.6908}\n",
      "{'neg': 0.0, 'neu': 0.742, 'pos': 0.258, 'compound': 0.8957}\n",
      "{'neg': 0.064, 'neu': 0.64, 'pos': 0.297, 'compound': 0.8402}\n",
      "{'neg': 0.0, 'neu': 0.329, 'pos': 0.671, 'compound': 0.9889}\n",
      "{'neg': 0.189, 'neu': 0.592, 'pos': 0.22, 'compound': 0.4939}\n",
      "{'neg': 0.159, 'neu': 0.606, 'pos': 0.235, 'compound': 0.891}\n",
      "{'neg': 0.0, 'neu': 0.731, 'pos': 0.269, 'compound': 0.936}\n",
      "{'neg': 0.151, 'neu': 0.525, 'pos': 0.324, 'compound': 0.8979}\n",
      "{'neg': 0.0, 'neu': 0.524, 'pos': 0.476, 'compound': 0.9766}\n",
      "{'neg': 0.031, 'neu': 0.776, 'pos': 0.192, 'compound': 0.936}\n",
      "{'neg': 0.0, 'neu': 0.223, 'pos': 0.777, 'compound': 0.9981}\n",
      "{'neg': 0.15, 'neu': 0.388, 'pos': 0.461, 'compound': 0.9828}\n",
      "{'neg': 0.37, 'neu': 0.35, 'pos': 0.28, 'compound': -0.9001}\n",
      "{'neg': 0.082, 'neu': 0.918, 'pos': 0.0, 'compound': -0.4588}\n",
      "{'neg': 0.301, 'neu': 0.525, 'pos': 0.174, 'compound': -0.8834}\n",
      "{'neg': 0.069, 'neu': 0.44, 'pos': 0.491, 'compound': 0.9081}\n",
      "{'neg': 0.197, 'neu': 0.306, 'pos': 0.497, 'compound': 0.9485}\n",
      "{'neg': 0.223, 'neu': 0.406, 'pos': 0.37, 'compound': 0.6705}\n",
      "{'neg': 0.053, 'neu': 0.637, 'pos': 0.31, 'compound': 0.9783}\n",
      "{'neg': 0.104, 'neu': 0.798, 'pos': 0.098, 'compound': -0.0516}\n",
      "{'neg': 0.275, 'neu': 0.467, 'pos': 0.258, 'compound': -0.4432}\n",
      "{'neg': 0.33, 'neu': 0.608, 'pos': 0.062, 'compound': -0.9908}\n",
      "{'neg': 0.0, 'neu': 0.775, 'pos': 0.225, 'compound': 0.7003}\n",
      "{'neg': 0.032, 'neu': 0.75, 'pos': 0.218, 'compound': 0.9169}\n",
      "{'neg': 0.084, 'neu': 0.475, 'pos': 0.441, 'compound': 0.9914}\n",
      "{'neg': 0.188, 'neu': 0.183, 'pos': 0.629, 'compound': 0.9884}\n",
      "{'neg': 0.04, 'neu': 0.686, 'pos': 0.274, 'compound': 0.9468}\n",
      "{'neg': 0.0, 'neu': 0.754, 'pos': 0.246, 'compound': 0.886}\n",
      "{'neg': 0.094, 'neu': 0.383, 'pos': 0.523, 'compound': 0.9783}\n",
      "{'neg': 0.067, 'neu': 0.69, 'pos': 0.243, 'compound': 0.9485}\n",
      "{'neg': 0.136, 'neu': 0.604, 'pos': 0.26, 'compound': 0.7003}\n",
      "{'neg': 0.0, 'neu': 0.643, 'pos': 0.357, 'compound': 0.9335}\n",
      "{'neg': 0.135, 'neu': 0.683, 'pos': 0.182, 'compound': 0.4939}\n",
      "{'neg': 0.139, 'neu': 0.756, 'pos': 0.105, 'compound': -0.3976}\n",
      "{'neg': 0.169, 'neu': 0.228, 'pos': 0.603, 'compound': 0.9806}\n",
      "{'neg': 0.335, 'neu': 0.421, 'pos': 0.244, 'compound': -0.4767}\n",
      "{'neg': 0.0, 'neu': 1.0, 'pos': 0.0, 'compound': 0.0}\n",
      "{'neg': 0.119, 'neu': 0.645, 'pos': 0.236, 'compound': 0.8779}\n",
      "{'neg': 0.452, 'neu': 0.387, 'pos': 0.161, 'compound': -0.9945}\n",
      "{'neg': 0.076, 'neu': 0.489, 'pos': 0.435, 'compound': 0.9806}\n",
      "{'neg': 0.225, 'neu': 0.254, 'pos': 0.522, 'compound': 0.9468}\n",
      "{'neg': 0.357, 'neu': 0.468, 'pos': 0.175, 'compound': -0.886}\n",
      "{'neg': 0.338, 'neu': 0.523, 'pos': 0.139, 'compound': -0.9417}\n",
      "{'neg': 0.203, 'neu': 0.674, 'pos': 0.123, 'compound': -0.7269}\n",
      "{'neg': 0.0, 'neu': 0.679, 'pos': 0.321, 'compound': 0.9517}\n",
      "{'neg': 0.0, 'neu': 0.424, 'pos': 0.576, 'compound': 0.9712}\n",
      "{'neg': 0.288, 'neu': 0.429, 'pos': 0.282, 'compound': 0.3818}\n",
      "{'neg': 0.061, 'neu': 0.529, 'pos': 0.41, 'compound': 0.9792}\n",
      "{'neg': 0.222, 'neu': 0.279, 'pos': 0.499, 'compound': 0.9744}\n",
      "{'neg': 0.605, 'neu': 0.349, 'pos': 0.047, 'compound': -0.9914}\n",
      "{'neg': 0.175, 'neu': 0.707, 'pos': 0.118, 'compound': -0.5267}\n",
      "{'neg': 0.143, 'neu': 0.857, 'pos': 0.0, 'compound': -0.3612}\n",
      "{'neg': 0.235, 'neu': 0.578, 'pos': 0.187, 'compound': -0.7184}\n",
      "{'neg': 0.516, 'neu': 0.398, 'pos': 0.086, 'compound': -0.9908}\n",
      "{'neg': 0.098, 'neu': 0.615, 'pos': 0.287, 'compound': 0.7351}\n",
      "{'neg': 0.106, 'neu': 0.603, 'pos': 0.29, 'compound': 0.9153}\n",
      "{'neg': 0.706, 'neu': 0.294, 'pos': 0.0, 'compound': -0.9965}\n",
      "{'neg': 0.237, 'neu': 0.763, 'pos': 0.0, 'compound': -0.9274}\n",
      "{'neg': 0.0, 'neu': 0.811, 'pos': 0.189, 'compound': 0.6369}\n",
      "{'neg': 0.0, 'neu': 0.73, 'pos': 0.27, 'compound': 0.9413}\n",
      "{'neg': 0.19, 'neu': 0.513, 'pos': 0.297, 'compound': 0.743}\n",
      "{'neg': 0.186, 'neu': 0.693, 'pos': 0.121, 'compound': -0.4588}\n",
      "{'neg': 0.101, 'neu': 0.507, 'pos': 0.392, 'compound': 0.9501}\n",
      "{'neg': 0.233, 'neu': 0.342, 'pos': 0.425, 'compound': 0.875}\n",
      "{'neg': 0.124, 'neu': 0.757, 'pos': 0.119, 'compound': 0.128}\n",
